%YAML:1.0
---
M1: !!opencv-matrix
   rows: 3
   cols: 3
   dt: d
   data: [ 2384.901542423504, 0., 1018.2074242528041, 0.,
       2396.3287210785293, 468.67259474536502, 0., 0., 1. ]
D1: !!opencv-matrix
   rows: 1
   cols: 5
   dt: d
   data: [ 0.037010757471721847, -0.72985205295520139,
       -0.016600527994597335, 0.0023546016899470734, 5.2759335381382799 ]
M2: !!opencv-matrix
   rows: 3
   cols: 3
   dt: d
   data: [ 2379.2706691420958, 0., 1023.8538405573498, 0.,
       2380.953462621444, 583.37452997636456, 0., 0., 1. ]
D2: !!opencv-matrix
   rows: 1
   cols: 5
   dt: d
   data: [ -0.0090012218983734245, -0.21857604656536933,
       0.0026397505564815472, 0.0035095056505786083, 1.6086139065454141 ]
R: !!opencv-matrix
   rows: 3
   cols: 3
   dt: d
   data: [ 0.9996077840026496, -0.0045783804367237977,
       0.027628184773684464, 0.0059687120825599009, 0.9987086407317044,
       -0.050452209108291811, -0.027361517454039877,
       0.050597325625055763, 0.99834425826074857 ]
T: !!opencv-matrix
   rows: 3
   cols: 1
   dt: d
   data: [ -0.53506068140983931, -0.0048576913421496523,
       -0.0065525135809438124 ]
R1: !!opencv-matrix
   rows: 3
   cols: 3
   dt: d
   data: [ 0.99921079571215587, 0.0051076993267883683,
       0.039391587171214396, -0.004107168405392516, 0.99966794317143581,
       -0.025438839656729387, -0.039508440869895162,
       0.025256975333126638, 0.99889997912556383 ]
R2: !!opencv-matrix
   rows: 3
   cols: 3
   dt: d
   data: [ 0.99988382231157291, 0.0090777124082449204,
       0.012244877175048442, -0.0093852466249404586, 0.99963594385995058,
       0.025296183289474777, -0.012010787875400617,
       -0.025408165629554114, 0.99960500503646599 ]
P1: !!opencv-matrix
   rows: 3
   cols: 4
   dt: d
   data: [ 2618.3060101699862, 0., 947.39273834228516, 0., 0.,
       2618.3060101699862, 525.87532806396484, 0., 0., 0., 1., 0. ]
P2: !!opencv-matrix
   rows: 3
   cols: 4
   dt: d
   data: [ 2618.3060101699862, 0., 947.39273834228516,
       -1401.1153762866672, 0., 2618.3060101699862, 525.87532806396484,
       0., 0., 0., 1., 0. ]
Q: !!opencv-matrix
   rows: 4
   cols: 4
   dt: d
   data: [ 1., 0., 0., -947.39273834228516, 0., 1., 0.,
       -525.87532806396484, 0., 0., 0., 2618.3060101699862, 0., 0.,
       1.8687297666443443, 0. ]
